397
195
306
83
251
147
193
37
274
44
147
312
91
445
461
283
414
489
481
350
116
407
192
347
215
106
385
393
359
395
436
172
157
448
28
165
109
317
331
211
452
287
249
478
446
333
326
297
258
128
290
398
282
30
131
347
453
482
286
297
249
242
336
136
170
446
168
340
123
189
331
263
351
301
96
474
214
203
276
174
277
139
99
124
254
86
161
419
189
500
205
227
311
327
40
393
144
96
31
340
256
294
255
169
342
20
193
16
216
458
118
383
375
152
430
283
463
17
42
365
65
436
206
107
186
23
253
221
156
145
375
104
173
439
348
19
432
103
409
397
381
85
19
300
160
327
5
344
137
90
267
149
189
134
369
275
258
217
474
27
320
439
47
306
88
25
430
404
423
20
87
400
18
124
460
151
65
391
436
488
455
389
86
183
299
468
328
140
305
125
48
131
455
123
128
435
304
1
109
85
402
486
60
45
173
365
93
191
439
151
93
334
219
101
119
328
48
42
156
447
215
193
26
238
401
212
464
134
355
264
379
36
379
260
187
30
182
84
210
94
166
333
195
302
51
236
174
495
420
314
221
447
153
258
426
126
244
245
479
303
445
216
2
63
456
132
208
216
438
455
276
298
158
248
303
459
463
456
465
139
364
72
266
103
44
414
454
213
128
469
458
273
157
468
325
114
48
313
210
321
39
416
288
181
121
305
62
378
85
137
390
51
295
105
276
489
222
99
24
18
317
257
139
435
195
76
109
125
57
75
451
170
473
287
178
433
5
322
285
426
161
191
103
108
130
301
58
149
400
202
500
395
411
470
129
266
427
203
451
360
355
227
127
358
362
238
361
121
460
399
292
359
97
492
175
462
455
170
222
313
429
213
148
352
273
311
400
6
81
78
476
156
497
384
309
43
171
109
27
498
86
53
382
227
389
210
175
183
452
381
291
300
131
444
357
410
492
293
41
72
472
351
178
416
4
478
384
243
172
305
410
59
348
30
265
33
228
11
384
294
453
11
290
398
98
254
411
279
123
68
391
424
407
309
328
481
342
201
376
24
215
214
495
343
8
228
292
377
74
282
328
142
390
379
12
2
130
350
157
189
468
294
426
259
137
97
375
405
492
331
335
40
63
269
75
227
415
89
146
413
25
68
328
175
500
135
397
58
464
121
393
499
355
43
235
146
1
158
113
485
209
433
279
427
218
183
317
78
310
422
175
198
93
187
215
127
440
285
280
304
490
303
405
224
80
357
202
287
178
343
47
169
83
69
41
128
137
35
63
158
461
339
282
58
33
127
137
462
370
91
209
267
124
184
137
439
369
438
97
319
153
103
71
148
304
352
120
326
170
281
264
295
422
297
484
391
176
73
276
237
281
455
498
225
172
482
363
498
328
372
436
38
472
239
30
167
151
335
59
388
327
470
456
334
377
349
125
265
294
56
394
369
173
176
165
359
348
103
4
124
77
208
385
58
85
242
370
345
78
303
182
229
224
258
469
272
476
141
228
17
173
329
132
463
414
55
148
206
353
292
147
129
380
468
199
339
76
399
479
149
15
99
284
339
298
301
330
360
81
246
401
194
339
30
119
336
69
475
436
338
133
97
306
166
93
68
86
253
491
497
16
442
251
418
90
72
165
204
139
429
396
223
50
301
379
466
491
314
376
9
253
324
14
257
370
73
97
54
50
51
22
306
102
346
151
243
269
247
259
399
101
101
458
70
14
363
119
482
418
400
140
358
324
122
164
500
7
57
248
139
399
484
334
465
102
75
152
305
313
92
6
107
165
348
232
377
74
243
498
117
97
428
264
468
93
341
12
409
359
471
180
461
288
1
280
354
343
390
476
53
153
113
117
490
407
418
193
146
29
66
388
234
378
323
281
213
411
465
496
32
450
428
211
107
476
165
316
378
404
365
465
158
296
121
30
192
28
142
483
429
352
214
24
324
135
209
459
221
42
384
17
229
278
150
145
263
130
281
448
410
204
456
67
88
434
104
481
195
7
55
254
431
370
311
397
316
415
205
85
148
496
338
320
123
297
73
243
387
95
388
65
374
176
199
377
134
177
307
168
445
312
298
417
219
363
82
439
308
47
180
141
437
306
266
244
209
335
256
352
137
433
75
133
425
484
338
202
339
310
446
214
490
118
311
6
319
309
104
446
235
245
164
473
499
369
37
390
25
72
369
209
272
64
102
476
421
31
136
469
455
171
208
429
239
190
393
66
185
271
370
16
429
419
189
148
164
391
485
250
445
493
178
208
326
22
476
91
301
406
307
234
44
239
328
252
101
326
52
276
135
267
179
209
245
286
427
223
370
440
485
95
289
254
313
119
382
299
340
270
394
266
468
85
79
492
97
386
266
301
142
491
427
145
274
125
437
189
389
484
297
224
82
309
456
440
461
168
162
186
477
273
440
399
198
421
153
19
359
177
98
267
156
336
345
159
470
60
221
45
470
220
356
38
18
144
54
466
153
218
314
302
113
368
24
200
445
86
443
275
296
451
59
449
12
244
290
205
234
303
123
243
276
130
479
131
80
120
116
374
463
84
132
240
214
254
132
484
427
191
352
54
163
83
306
346
389
128
269
426
57
228
260
159
229
153
9
43
73
374
337
99
397
442
90
230
198
395
124
299
198
70
9
236
127
143
115
436
100
270
147
100
66
244
19
162
256
34
264
115
484
492
35
65
329
175
174
41
390
98
270
281
487
339
88
183
182
409
375
205
265
37
169
271
88
480
351
494
23
413
21
14
285
284
50
478
101
187
84
167
41
112
439
146
58
384
465
355
271
474
72
140
327
267
344
206
288
355
290
426
341
455
363
422
421
292
488
14
267
174
294
485
12
250
477
81
411
23
271
473
387
411
429
353
236
365
477
103
67
441
436
97
26
201
458
199
284
71
440
188
176
344
387
480
464
6
274
107
444
80
403
207
210
119
349
194
54
69
412
336
204
102
435
32
60
21
74
489
232
430
469
456
381
34
484
171
259
344
149
402
272
255
425
204
356
88
92
359
306
98
27
310
49
462
72
199
242
274
225
491
251
269
81
450
27
218
22
88
268
203
96
489
381
15
61
109
330
329
32
390
282
404
371
313
279
285
311
258
478
498
169
405
256
258
59
240
252
67
78
235
196
167
128
421
61
36
54
299
39
253
264
31
451
300
339
121
93
134
257
354
28
139
114
184
131
116
212
440
458
408
408
245
159
388
345
192
86
376
432
30
153
21
68
110
268
337
319
39
63
184
500
380
492
137
136
443
57
132
491
185
266
125
98
487
436
115
390
220
362
219
129
485
136
205
63
20
183
150
17
25
100
206
91
21
81
238
474
202
287
452
128
239
482
308
376
162
341
9
9
479
223
368
416
415
272
407
405
267
327
67
362
478
485
205
179
49
278
483
38
205
431
293
140
339
453
238
495
99
270
231
337
110
172
413
274
4
244
418
302
35
475
437
52
451
321
373
173
181
314
92
136
165
459
253
214
249
127
149
479
249
66
458
306
25
257
407
492
95
54
250
369
340
358
445
449
261
298
283
305
346
463
256
480
181
173
209
349
183
413
195
274
55
329
35
192
318
440
212
191
225
481
262
259
494
126
176
251
283
368
408
46
35
99
127
426
222
314
47
469
194
135
177
465
211
385
473
329
50
378
269
139
271
361
314
192
139
270
314
484
490
355
369
140
136
322
72
23
44
109
448
274
396
283
3
343
281
284
56
401
352
462
299
380
14
498
422
320
429
207
255
30
394
305
378
397
461
350
138
291
400
419
388
272
156
287
408
446
383
151
269
401
37
232
454
103
441
170
127
251
62
17
299
151
159
170
428
101
440
39
488
271
403
284
75
149
190
337
177
273
318
305
282
196
419
106
155
72
38
182
230
246
140
138
417
478
293
418
268
441
254
478
162
352
38
205
197
209
415
20
447
348
332
130
401
366
119
76
29
351
400
69
384
450
297
56
330
96
213
428
150
420
378
104
374
177
94
148
395
42
221
27
325
500
462
390
205
438
143
320
83
396
33
477
180
190
71
135
492
470
102
17
284
53
416
195
25
354
310
370
116
431
254
342
360
191
364
315
471
471
12
167
359
201
421
494
413
469
19
12
99
4
115
348
109
500
44
277
353
300
284
78
22
126
227
59
202
387
191
368
144
235
132
92
328
193
82
467
420
374
51
297
30
422
41
5
19
341
494
75
191
452
143
127
226
127
403
51
388
28
479
67
174
159
171
254
441
485
87
183
395
289
489
407
30
387
25
494
19
77
118
121
457
198
229
58
319
188
28
386
448
208
22
26
270
272
128
475
226
420
207
175
403
168
352
286
296
86
403
10
487
200
393
381
319
184
314
243
107
192
250
117
293
155
371
17
118
98
98
183
338
182
362
325
404
333
332
408
418
309
228
126
243
403
58
134
104
50
469
226
480
246
266
412
212
358
145
197
19
345
75
366
348
80
456
6
353
109
306
387
417
194
103
77
476
15
178
280
205
367
328
16
180
414
458
34
137
357
26
292
354
15
437
369
146
119
222
145
46
279
156
183
230
126
155
120
366
163
192
313
41
483
317
495
353
129
178
485
482
41
491
189
302
427
334
63
303
50
167
307
358
297
351
5
461
275
135
82
398
219
439
453
203
329
450
379
290
498
186
484
411
404
430
202
159
130
355
38
88
345
422
32
310
128
286
255
382
251
213
310
424
497
254
141
21
484
129
1
410
240
78
424
41
440
83
41
380
211
473
416
452
131
363
216
38
220
357
81
221
139
299
66
370
379
327
436
390
345
30
20
10
179
432
93
31
233
388
317
33
67
286
268
206
366
120
492
389
390
283
373
212
423
161
168
320
20
294
173
115
303
246
139
378
239
207
260
272
482
153
205
431
139
483
378
56
114
300
222
215
72
257
281
231
216
302
30
293
302
241
114
138
188
345
32
274
415
266
433
30
419
334
98
254
100
299
71
365
499
176
459
277
19
63
244
60
392
486
34
409
2
121
359
449
398
230
486
357
202
379
50
71
399
59
330
236
271
32
16
233
448
29
181
335
421
333
188
300
362
472
369
83
326
16
444
137
29
442
232
448
303
249
320
46
274
136
439
302
433
21
279
407
408
368
486
431
99
74
213
145
464
370
108
305
47
470
427
18
314
316
11
158
289
404
260
474
379
415
302
219
432
91
199
249
208
303
7
10
484
312
8
487
239
317
500
162
357
342
257
437
292
181
362
70
272
240
333
447
388
192
165
37
85
19
413
245
224
107
447
438
400
63
348
447
326
301
261
167
413
375
75
35
110
11
452
156
238
474
69
250
144
239
357
161
382
392
50
197
206
137
317
410
369
490
371
283
456
107
282
349
336
496
406
197
406
91
252
369
227
450
323
91
18
403
214
223
95
400
4
285
457
260
6
20
159
304
468
65
42
84
390
61
372
114
152
461
478
479
148
181
277
272
309
53
205
47
307
224
12
402
121
233
399
424
371
70
243
79
381
310
192
220
470
361
262
27
364
85
205
167
150
484
306
383
110
87
418
258
65
435
281
272
314
345
121
454
79
219
271
481
307
429
162
184
216
243
312
460
131
479
39
492
126
97
462
144
33
256
235
456
98
439
2
311
155
287
210
482
391
336
360
262
439
205
263
54
455
55
125
12
301
44
25
6
457
26
293
241
326
228
85
142
31
496
91
157
438
157
98
322
302
229
41
111
318
61
480
98
471
248
261
347
405
384
84
188
145
265
126
307
409
202
486
83
70
374
47
92
153
163
57
162
158
405
316
430
412
499
341
130
96
493
251
489
306
211
482
338
494
411
88
241
207
216
391
211
348
121
156
433
10
83
450
7
163
70
298
272
265
161
114
140
134
232
52
82
386
70
281
7
113
490
41
72
470
144
103
396
422
380
446
459
240
145
21
242
354
286
392
295
471
142
416
403
143
393
257
280
217
448
389
283
116
468
343
136
279
223
358
16
216
416
115
246
415
308
142
436
86
285
162
222
196
496
272
306
477
17
474
337
18
275
189
280
221
142
130
447
494
217
416
111
35
68
307
13
87
214
261
379
168
304
474
440
364
497
63
203
129
243
322
191
85
355
388
160
107
475
196
5
498
444
83
322
490
172
392
442
378
332
331
456
247
268
79
256
339
212
132
140
321
191
188
163
387
174
402
264
66
465
367
232
260
101
287
91
241
336
376
134
165
318
197
243
292
375
414
283
425
368
115
496
228
456
168
239
208
90
419
169
442
94
361
69
95
107
393
2
308
94
478
120
383
174
332
191
182
402
158
82
276
352
387
433
342
187
275
267
285
326
417
2
190
82
280
243
357
335
477
472
204
168
226
3
1
326
205
47
153
109
288
236
234
370
346
351
423
156
271
155
426
267
91
62
415
60
406
343
475
142
150
453
170
213
423
166
253
429
204
401
175
196
285
82
32
437
205
354
442
239
175
4
29
28
421
120
487
118
241
356
296
114
37
321
280
82
278
346
454
278
53
31
383
426
412
101
202
385
3
300
348
283
91
182
193
370
188
117
344
228
101
121
283
444
21
176
179
419
171
492
243
489
160
389
346
354
49
413
59
312
293
119
170
126
144
28
472
395
314
349
258
233
324
14
411
226
303
396
206
257
130
243
396
381
306
211
163
144
334
379
98
82
414
268
425
414
102
485
435
125
493
380
251
489
93
409
28
187
273
479
407
120
298
313
127
488
197
408
454
380
340
22
8
495
274
345
152
447
312
319
351
465
236
25
5
142
107
454
106
377
138
372
290
240
483
367
163
57
396
321
316
342
56
35
315
258
485
321
275
363
181
462
88
158
211
346
143
42
485
172
420
109
498
96
277
288
321
385
212
495
351
30
87
249
72
185
399
298
335
344
125
124
370
272
370
355
203
469
336
412
320
353
211
105
383
296
108
200
115
324
98
74
144
351
398
209
31
333
324
335
107
249
18
280
154
362
441
453
298
17
316
430
343
30
494
161
204
106
375
421
307
332
278
95
470
268
96
140
311
471
270
196
438
306
61
222
103
59
419
381
164
366
479
286
301
196
383
137
455
189
38
420
177
303
152
282
227
380
484
193
202
77
255
353
402
198
279
188
36
285
262
72
43
274
470
329
432
155
469
223
148
126
415
100
358
154
95
278
43
478
480
494
380
104
323
334
378
236
361
30
262
113
32
494
265
286
64
390
35
236
150
446
386
115
15
399
174
382
294
318
51
253
359
379
213
144
118
259
473
9
225
97
325
92
22
67
434
356
116
264
4
277
44
261
351
159
353
360
230
301
235
352
243
116
145
298
146
186
90
364
138
237
224
175
351
260
149
347
218
33
126
2
169
62
157
260
94
24
342
398
262
50
47
225
12
399
264
239
377
207
214
115
120
243
467
428
99
385
99
440
314
259
127
76
72
393
5
157
138
413
398
172
163
257
15
351
116
118
345
61
110
178
376
5
396
146
346
290
377
228
486
418
290
366
331
201
129
500
123
171
147
423
133
308
143
341
222
365
67
334
203
414
239
423
479
76
218
55
489
113
5
228
290
301
474
113
155
76
455
271
250
46
288
119
440
337
52
170
487
435
58
231
391
326
191
213
184
89
100
111
70
193
405
41
427
372
249
214
352
205
203
164
98
140
86
410
475
71
38
422
72
88
243
439
406
369
323
274
103
197
393
59
417
141
187
396
432
353
189
328
485
453
328
424
103
494
452
235
257
367
18
161
367
453
381
488
486
454
294
13
356
409
27
409
404
187
348
56
90
321
438
102
375
57
277
78
386
148
393
421
313
330
181
495
11
106
158
114
39
396
386
177
461
413
231
380
276
105
374
359
359
420
463
469
86
13
194
78
294
383
237
3
259
67
426
361
67
484
323
328
21
47
470
386
218
150
440
279
482
189
469
235
362
446
132
284
299
132
496
240
64
487
378
285
492
69
285
242
129
455
266
241
13
234
147
378
153
228
281
232
274
346
184
245
458
87
437
108
498
366
400
76
233
389
83
372
70
303
76
181
278
346
463
128
250
110
385
3
261
387
190
315
190
151
273
479
74
94
95
369
56
36
268
43
446
267
331
10
246
92
1
226
452
338
408
115
5
89
96
155
475
70
282
96
32
75
493
434
170
343
412
441
193
151
44
345
125
99
300
331
432
122
112
33
355
489
255
150
91
360
79
246
176
137
210
139
391
378
104
457
129
163
418
47
412
454
373
318
420
260
391
283
161
233
360
210
473
191
288
46
129
426
408
3
289
365
446
118
306
134
432
19
34
404
259
440
213
302
87
497
416
213
173
52
204
160
8
308
23
203
157
40
96
284
194
335
315
126
291
368
339
223
277
446
37
294
131
371
89
102
24
432
92
227
2
352
448
58
171
364
487
216
333
189
210
216
395
346
215
79
207
416
229
397
328
433
497
79
499
354
412
429
457
280
129
247
196
408
449
3
474
143
205
363
137
283
40
15
213
70
207
384
121
367
193
254
120
282
394
470
478
170
35
460
264
404
410
300
200
352
485
261
410
196
154
499
101
381
78
207
431
177
85
27
65
300
49
260
289
463
46
326
161
396
135
484
265
10
371
215
314
403
383
455
96
400
431
495
115
73
285
32
461
395
283
223
185
350
294
220
493
191
164
375
117
242
494
314
263
260
355
310
263
185
206
304
233
379
39
223
380
474
419
426
95
167
1
14
71
36
329
117
42
258
150
93
27
247
289
201
410
388
453
331
134
246
457
446
27
289
52
307
460
302
55
180
393
399
164
209
275
478
125
322
398
389
221
326
150
336
168
223
222
56
443
402
85
485
389
227
62
206
410
286
162
318
140
38
219
444
127
238
6
379
90
296
222
324
449
469
404
173
2
112
146
193
363
55
9
80
491
287
283
311
165
367
271
133
53
234
380
138
300
360
232
86
377
413
472
472
496
348
110
394
386
418
63
314
236
395
116
10
195
327
139
373
437
182
68
23
485
142
239
442
10
226
13
488
476
162
207
161
89
95
467
382
70
327
247
343
139
408
236
219
134
300
330
254
402
90
55
357
427
265
424
345
69
153
351
234
402
131
418
347
107
365
444
427
240
422
459
294
388
191
224
162
97
302
100
454
116
127
131
457
322
225
442
203
459
389
49
93
433
57
27
357
301
270
349
105
115
159
427
439
84
150
128
122
158
490
108
17
136
59
240
237
468
68
363
26
423
241
385
220
217
485
71
343
384
51
235
313
354
359
295
328
349
102
284
37
200
450
24
442
228
250
151
22
241
266
227
263
217
244
449
328
363
18
494
267
311
287
241
274
11
31
7
237
192
489
393
302
477
299
124
420
120
374
2
254
302
12
350
301
420
417
1
166
78
169
241
294
411
37
282
155
456
139
278
383
150
276
399
401
355
181
214
142
394
492
315
70
408
98
402
17
116
277
274
271
460
313
476
80
221
83
275
213
278
334
289
305
400
53
484
92
405
82
201
152
337
169
304
195
332
78
91
57
481
234
175
390
228
38
147
437
6
131
196
428
172
477
349
37
95
304
1
431
291
159
432
404
352
35
439
205
8
302
307
357
386
212
300
141
273
108
321
73
291
450
329
348
296
498
69
88
127
121
406
269
152
47
338
384
457
343
71
331
493
314
136
479
487
285
302
422
232
449
183
304
129
47
21
48
382
68
410
438
243
292
81
461
317
410
248
410
214
209
31
336
66
169
303
460
209
276
17
77
345
445
392
244
76
433
442
345
368
447
157
403
246
393
64
322
439
203
299
178
488
7
492
179
449
181
282
7
378
454
254
343
142
437
159
32
194
368
392
491
50
193
9
159
440
363
119
415
270
156
17
472
17
55
446
46
382
213
149
293
498
468
483
351
247
177
244
445
28
106
259
188
171
344
496
84
153
406
232
142
341
413
352
275
438
252
376
242
152
344
244
469
145
277
180
97
23
247
253
348
20
324
396
472
332
153
410
96
339
411
80
334
343
132
209
449
173
86
282
296
6
197
435
141
56
18
410
464
412
168
485
346
391
353
281
215
262
369
488
60
323
60
452
243
231
159
155
425
485
448
215
417
184
261
412
284
376
218
311
384
297
325
359
173
473
290
337
174
53
225
166
447
358
190
44
294
448
199
474
114
82
20
174
413
357
27
215
235
207
500
199
11
221
190
178
53
294
492
68
205
98
277
66
121
196
374
238
102
439
155
289
188
399
248
355
406
48
190
241
65
340
15
499
53
414
250
145
22
245
88
148
137
26
263
139
158
241
188
326
123
100
291
149
44
73
197
483
257
122
334
219
127
386
492
371
248
418
267
46
97
26
420
125
359
331
324
268
220
412
269
252
91
300
342
114
213
162
163
114
489
132
221
211
254
378
492
256
447
247
452
493
244
486
219
440
31
343
260
60
69
475
279
151
94
200
419
339
249
261
175
320
366
449
390
386
362
58
404
487
438
208
290
327
40
300
355
275
80
176
104
348
486
253
493
148
115
43
186
389
247
466
145
122
500
394
386
170
98
406
207
304
133
404
88
383
363
135
37
366
28
241
99
407
283
394
51
116
194
465
440
284
344
259
110
9
122
73
405
255
137
472
381
462
302
17
479
327
399
432
237
74
291
125
364
132
366
238
431
329
23
179
263
343
167
303
286
48
124
308
220
475
397
495
57
442
180
250
394
493
302
196
397
150
408
189
394
402
395
368
324
81
411
236
207
280
370
413
34
165
146
304
202
341
328
217
218
366
314
30
261
19
133
160
489
9
408
156
155
336
228
371
57
447
306
3
150
390
272
477
28
106
36
159
241
111
42
165
199
42
30
430
373
292
160
46
194
88
460
2
56
486
155
70
386
32
478
199
305
411
219
191
135
315
482
293
420
398
382
253
94
111
270
384
331
337
85
366
217
188
225
330
11
359
184
112
159
194
476
265
186
62
273
299
199
102
259
361
141
330
231
188
163
193
349
276
414
278
103
373
81
375
398
52
55
156
103
340
325
8
375
13
36
273
297
380
476
395
385
342
373
365
265
127
448
92
482
144
318
87
88
106
141
377
60
36
123
87
414
186
55
138
68
195
191
312
473
281
28
146
373
440
138
406
254
464
367
296
326
227
175
166
217
428
139
33
278
346
119
58
248
71
401
276
58
229
484
342
439
142
12
492
110
166
278
420
179
130
161
312
278
88
309
165
481
9
185
31
144
294
215
207
99
143
375
475
233
265
171
278
288
126
235
89
132
448
38
460
364
414
217
228
396
91
369
42
466
39
46
125
390
24
301
344
140
381
1
321
186
81
425
460
131
219
433
295
281
463
132
439
76
295
453
390
333
115
208
70
226
56
55
31
229
237
280
414
303
254
190
408
476
279
217
69
300
444
384
196
460
349
425
139
278
149
362
186
240
274
268
149
468
275
309
482
39
341
349
149
370
496
7
304
195
223
31
34
225
271
160
57
435
293
102
43
301
248
169
486
163
98
178
446
253
423
330
189
83
281
214
39
233
239
470
385
12
441
34
440
401
59
238
115
171
448
180
359
41
121
64
83
220
282
325
378
17
265
54
223
62
8
19
397
476
133
296
145
302
478
222
416
420
260
150
259
109
174
109
225
349
79
155
122
418
400
227
19
77
391
71
401
399
9
112
5
248
436
224
461
56
253
299
249
440
338
307
147
117
448
158
329
93
194
128
157
389
488
458
475
156
110
165
38
46
63
237
247
373
82
295
212
249
402
430
495
363
135
455
101
455
25
81
312
438
186
299
129
147
462
22
212
154
465
453
427
490
356
56
197
223
420
298
195
171
7
364
361
345
196
251
280
179
81
255
421
14
222
246
32
431
203
349
382
199
12
81
222
343
48
470
246
49
112
403
241
239
445
41
140
133
48
151
28
333
54
271
219
121
55
437
384
34
438
412
384
287
494
86
183
232
262
392
60
474
180
112
218
5
266
474
440
373
273
238
469
448
450
321
266
71
461
227
9
139
465
217
301
410
288
19
200
102
172
173
237
373
486
487
381
343
275
20
388
185
88
499
53
413
94
129
418
225
8
104
242
282
367
290
461
57
293
105
330
324
100
377
87
205
241
258
374
66
459
25
197
320
86
219
296
136
315
26
216
264
133
27
134
183
68
467
297
234
158
450
89
276
242
198
102
195
48
18
433
357
499
11
116
369
316
94
419
278
3
50
119
191
348
330
322
12
321
462
107
484
12
216
54
141
469
128
494
297
143
317
10
164
465
321
103
339
402
447
305
365
122
344
47
105
405
69
389
126
424
352
465
12
455
299
395
102
333
451
449
324
105
136
255
234
61
145
432
253
303
326
145
477
322
227
359
114
293
405
157
203
494
455
176
308
51
307
207
301
358
224
394
242
85
213
177
463
296
476
453
497
126
186
344
427
221
190
473
215
244
18
224
55
478
263
122
2
269
44
314
86
375
433
92
21
317
384
69
498
461
381
375
2
370
310
324
177
235
454
237
376
34
164
141
178
278
255
16
134
485
80
123
410
141
338
472
146
112
212
125
237
374
447
404
61
270
288
296
457
361
238
293
385
287
272
305
198
195
361
456
46
28
423
193
428
155
328
73
150
36
316
140
271
74
230
153
368
441
79
51
7
72
89
324
268
459
223
122
129
180
483
349
311
49
217
42
159
46
367
123
9
59
85
457
48
217
138
188
165
196
439
180
10
322
248
67
449
34
207
244
199
73
20
381
454
245
154
495
393
6
203
85
237
392
350
149
269
474
373
265
24
13
282
495
32
279
58
420
112
208
351
182
45
484
27
381
251
193
395
290
294
23
318
93
179
352
83
415
446
152
80
343
471
379
337
163
55
48
94
171
12
382
461
422
285
313
256
147
197
100
121
392
246
175
71
148
325
111
219
241
164
404
15
212
263
355
92
153
367
362
19
410
182
106
251
354
171
243
409
154
188
107
142
165
282
296
316
494
404
53
220
2
135
42
376
137
149
243
106
495
128
62
128
382
27
265
153
17
339
431
230
256
10
418
163
93
192
198
122
16
426
150
10
13
224
262
239
186
34
281
14
276
275
25
417
464
394
27
210
203
495
165
14
310
239
215
65
100
59
205
134
254
471
33
243
431
435
276
11
68
289
243
273
329
394
394
322
1
138
22
238
29
203
193
96
165
94
452
83
486
109
443
367
282
15
211
438
349
140
96
363
441
487
415
415
260
389
102
183
474
208
17
144
491
290
255
27
20
414
244
342
24
349
496
190
237
119
469
272
55
222
405
335
58
56
258
147
468
240
435
471
124
272
61
275
216
258
205
439
49
434
229
193
186
494
193
243
56
21
95
39
195
85
208
242
448
462
203
20
400
156
371
56
52
69
271
70
320
480
390
200
256
39
459
247
420
124
91
349
426
496
146
421
178
212
166
34
36
127
173
140
354
444
229
79
116
37
189
132
447
363
56
196
403
283
275
133
228
223
157
135
205
202
351
47
122
105
465
300
110
207
161
192
483
110
106
473
440
371
326
124
6
345
256
309
327
429
19
414
166
413
25
436
101
378
74
198
476
272
442
286
467
420
459
77
160
333
454
43
76
404
275
388
46
185
352
448
229
19
193
97
79
327
358
435
142
80
138
265
310
480
207
244
226
455
423
126
108
370
142
154
270
306
185
313
232
95
92
141
28
294
168
103
102
108
21
460
23
13
147
443
78
135
449
237
366
267
447
481
21
186
217
435
440
66
196
105
187
204
44
494
41
223
13
459
139
383
58
251
440
335
260
457
181
227
381
370
32
372
345
15
317
491
313
440
134
46
201
485
499
436
213
96
480
496
394
461
277
392
23
365
383
197
64
315
383
449
369
412
438
373
27
132
139
158
482
215
448
30
360
228
174
32
360
68
250
477
444
174
119
101
299
373
47
226
51
256
186
220
487
52
82
31
447
22
325
164
143
43
448
145
83
116
131
39
340
122
118
266
71
354
440
113
64
311
463
353
5
72
348
430
255
75
304
187
484
332
494
463
357
275
456
385
88
423
365
312
100
115
493
183
211
269
1
125
308
256
487
228
237
86
138
249
265
480
415
203
169
481
389
377
39
273
43
83
282
458
78
48
98
12
413
366
57
33
61
167
125
113
427
406
102
11
346
59
76
230
385
412
457
400
421
123
155
149
148
295
354
149
30
428
483
227
446
445
61
207
5
256
122
37
203
187
356
203
252
164
279
396
484
64
186
74
22
130
129
260
428
338
457
374
171
187
460
390
200
245
137
271
128
120
297
145
495
435
392
31
444
38
175
82
483
407
393
55
370
30
439
259
134
177
379
5
272
90
128
410
385
198
470
389
242
464
291
317
174
403
377
184
393
489
208
269
270
455
100
341
401
198
220
426
353
334
155
177
345
490
167
29
207
481
291
284
303
425
258
140
264
348
242
297
438
109
10
309
149
451
230
452
454
338
380
13
486
382
432
432
433
19
393
98
229
377
177
154
253
343
432
315
337
371
28
4
265
117
480
405
158
402
199
39
489
96
198
2
76
240
187
445
435
99
216
158
202
137
89
286
300
287
91
476
223
96
468
472
413
425
256
450
293
159
46
73
477
44
293
450
286
288
443
371
223
380
362
440
233
344
436
315
75
428
88
416
354
190
408
78
210
12
314
274
12
472
323
458
251
198
166
398
71
339
131
232
102
310
367
448
341
122
341
229
152
356
221
49
463
222
408
40
5
92
317
138
131
317
169
213
384
20
315
20
18
159
12
40
78
270
139
485
156
355
9
32
336
127
387
132
353
419
379
395
122
457
300
96
331
269
68
284
191
307
491
96
339
264
460
211
170
341
227
459
193
234
312
379
349
199
181
229
350
426
464
296
226
364
182
466
465
1
287
173
77
403
298
223
25
216
327
276
344
318
188
364
37
234
379
5
481
1
351
472
482
23
161
423
148
244
193
71
274
216
224
368
451
497
147
106
91
328
492
277
219
188
367
258
161
260
303
48
411
104
88
116
359
56
386
313
100
5
319
403
8
479
452
337
60
435
451
317
473
90
69
349
20
413
358
281
276
315
496
161
312
222
424
388
420
104
116
155
92
149
306
283
371
110
179
350
260
224
130
160
309
180
268
488
359
497
475
194
168
313
100
199
383
177
70
147
345
338
124
370
291
345
252
295
334
423
180
225
218
443
499
484
85
194
86
149
88
52
141
432
279
181
139
328
305
221
429
158
137
488
84
218
323
49
423
449
106
34
427
151
180
79
381
382
148
293
424
229
335
417
307
91
144
44
298
185
36
170
239
49
484
241
299
431
63
363
59
371
158
64
106
255
189
470
408
171
245
421
151
306
318
402
422
431
147
196
449
193
256
212
270
288
323
141
78
29
484
144
68
396
69
204
64
40
374
131
212
198
339
292
35
328
354
162
19
248
241
99
76
144
76
314
484
24
434
351
473
215
261
447
91
316
493
397
131
273
39
290
129
240
146
227
389
60
49
380
416
427
161
312
408
31
361
422
122
391
289
377
137
348
365
135
387
342
76
368
439
363
440
337
305
390
425
220
166
397
111
469
6
177
65
302
102
87
28
23
93
395
358
34
428
49
64
304
319
273
84
474
414
300
201
148
23
303
452
442
205
371
76
489
159
277
341
365
32
155
299
471
192
196
421
325
204
459
393
90
71
352
141
75
245
466
381
206
64
45
101
29
423
117
325
426
422
45
49
128
90
489
53
330
164
120
299
285
190
116
399
146
186
214
305
473
61
497
438
350
280
248
132
489
423
332
389
397
162
248
289
373
438
474
105
98
120
139
350
75
189
342
186
488
9
457
491
98
47
420
113
258
236
321
475
377
4
464
243
124
447
468
52
247
65
474
256
9
467
477
169
419
114
478
218
212
380
382
343
459
454
412
314
166
298
209
207
352
141
238
252
84
256
266
50
372
339
61
108
238
21
116
42
271
39
352
356
50
413
453
422
436
322
399
3
207
277
25
380
201
292
230
482
337
231
220
271
361
39
99
102
241
382
171
463
264
222
110
213
259
250
429
144
328
411
5
244
412
471
334
199
230
162
238
179
422
342
371
200
281
492
368
137
320
1
147
41
368
329
140
35
398
88
417
63
434
260
432
275
195
47
280
259
427
161
8
13
110
405
353
191
221
403
105
407
234
388
330
114
181
377
444
346
279
171
496
102
315
439
355
391
227
297
418
461
351
234
6
200
191
25
289
188
428
136
202
246
385
234
222
377
78
381
15
106
192
317
487
230
67
199
113
185
144
31
357
117
106
297
93
477
39
214
211
252
277
334
402
355
455
50
177
51
264
421
188
263
413
312
51
135
44
129
377
467
35
477
430
220
473
309
438
433
149
320
251
278
47
145
409
458
65
384
388
70
123
327
74
291
295
481
468
177
17
344
155
369
471
127
82
385
353
111
435
36
489
208
222
349
29
54
211
150
346
261
159
196
29
261
394
211
220
211
121
195
323
401
45
297
143
429
283
376
417
94
49
319
454
20
262
22
205
17
295
500
61
194
88
8
281
386
312
245
265
491
360
463
366
4
142
268
394
26
187
79
384
385
441
169
124
174
259
305
154
74
37
487
186
268
240
400
183
130
81
405
463
286
184
294
386
341
456
234
395
409
61
159
124
373
241
56
212
392
494
211
419
303
302
228
286
432
485
153
30
389
345
303
63
450
438
105
330
427
252
145
434
469
160
294
412
104
351
488
128
499
489
182
262
84
303
187
432
443
108
160
323
444
489
186
362
469
366
33
231
124
490
140
83
393
254
372
10
225
67
330
454
342
336
101
201
206
67
207
169
221
272
259
126
72
419
268
449
227
346
427
493
444
274
333
7
166
372
242
342
386
31
438
479
478
300
372
215
450
133
412
453
322
333
79
320
65
63
255
258
462
441
171
402
113
266
99
107
117
489
3
69
88
120
357
117
263
453
104
338
238
149
373
126
199
247
170
206
491
427
104
392
89
33
331
245
106
27
429
163
412
168
20
229
7
165
148
268
212
107
186
489
361
474
319
378
251
389
54
125
396
11
210
378
135
293
323
432
106
492
193
332
245
125
385
314
307
209
6
407
339
24
20
323
445
315
432
54
410
428
231
379
78
332
172
20
131
451
308
263
141
130
121
375
140
20
99
485
430
140
459
460
351
88
75
431
433
252
466
67
341
60
369
342
260
54
54
121
141
464
313
205
15
398
185
246
210
11
263
319
35
408
444
385
22
151
336
62
498
276
174
407
425
375
464
148
77
180
476
39
282
201
354
166
421
159
484
362
175
318
370
117
283
238
450
143
221
84
120
117
357
423
209
92
493
42
90
101
276
13
244
366
389
387
108
500
224
209
69
341
59
305
38
474
153
385
470
366
56
203
470
187
55
241
228
423
390
24
37
363
401
120
320
237
102
349
65
455
452
265
129
188
88
476
341
146
109
170
325
395
500
71
410
15
423
435
71
214
49
387
94
283
465
265
32
155
43
92
473
126
301
334
111
141
437
365
312
118
97
488
363
160
464
278
197
380
480
279
305
468
176
439
252
323
412
319
394
347
281
103
155
264
370
397
10
403
324
36
494
451
13
143
79
115
480
146
375
229
194
320
262
227
178
93
131
381
37
389
21
41
260
42
121
438
480
34
43
78
168
29
497
96
320
57
81
8
357
280
191
44
52
75
393
225
473
24
481
255
334
164
261
186
54
162
368
180
207
204
398
226
11
408
26
298
149
420
17
40
154
363
355
392
242
166
20
425
437
229
69
216
372
42
202
255
442
434
442
25
115
1
31
468
63
223
266
319
23
65
5
479
311
420
172
495
170
25
427
386
476
83
74
14
126
433
289
268
156
387
366
411
102
53
77
305
194
145
443
464
72
220
150
314
203
96
55
454
394
177
468
417
300
102
63
13
93
10
496
252
243
115
156
26
144
349
142
448
270
58
456
210
345
389
119
308
373
180
246
392
230
167
15
271
79
76
76
172
394
381
281
168
336
360
147
27
258
386
103
426
47
155
14
490
92
429
141
273
19
306
203
251
363
372
291
414
161
407
314
271
386
91
452
494
21
474
306
56
109
415
468
133
290
457
372
421
253
59
314
375
125
39
57
376
414
75
224
106
194
230
284
206
284
449
115
288
114
283
64
152
310
452
388
23
330
90
234
328
116
60
14
50
248
269
432
385
456
286
208
494
81
458
425
320
112
395
429
456
53
49
64
165
185
326
154
368
200
270
246
499
125
252
321
218
259
409
282
45
375
206
103
91
213
489
247
308
498
207
199
236
186
485
234
495
157
113
172
106
242
456
411
465
260
475
96
297
438
267
84
192
198
408
83
444
85
6
231
214
23
475
493
220
13
482
451
361
143
121
236
181
272
452
482
131
259
182
289
328
437
246
94
325
79
232
455
317
92
407
278
55
481
215
459
191
333
136
163
180
49
95
448
3
121
166
187
258
247
49
137
190
21
351
44
74
347
475
108
94
193
399
70
210
389
159
93
175
88
458
17
413
412
355
96
31
280
445
172
352
442
269
196
461
339
95
204
215
452
317
332
102
213
134
77
421
485
183
307
290
155
20
195
113
378
292
153
247
232
447
231
288
372
373
148
342
46
447
278
153
206
429
342
156
122
430
134
473
49
255
244
13
311
172
328
177
490
244
56
106
500
23
392
82
205
298
43
243
158
381
112
101
389
323
470
433
169
308
474
63
10
355
376
41
422
219
354
442
121
90
485
392
23
208
30
494
233
80
20
305
189
154
8
184
421
206
499
197
206
460
102
342
307
489
473
382
351
418
328
196
421
494
375
385
430
482
2
357
499
25
282
187
275
123
153
116
254
259
255
330
168
250
182
392
150
451
119
59
332
196
342
33
361
434
352
364
297
455
159
324
418
363
275
10
135
381
257
209
377
183
204
291
42
165
91
41
473
111
364
175
285
395
328
7
21
343
257
359
456
377
470
48
334
51
294
107
175
215
220
357
135
370
260
283
132
288
284
385
401
142
303
485
42
353
456
158
53
425
390
465
258
390
286
125
282
462
69
230
312
190
85
117
155
146
121
65
358
402
479
94
480
118
382
98
11
500
278
6
100
275
51
471
456
440
367
53
56
275
162
6
200
396
452
218
310
157
475
498
251
237
214
227
352
466
303
352
8
369
184
410
52
232
162
166
64
35
475
424
226
165
289
36
215
302
282
56
274
79
93
180
343
472
359
455
96
236
290
171
411
193
408
314
440
449
124
415
287
354
373
234
483
465
83
284
260
121
458
409
190
146
123
421
194
203
96
299
269
311
14
360
332
474
264
380
147
323
24
162
49
356
496
26
219
211
101
440
487
175
497
124
118
92
89
314
490
4
492
344
127
187
268
226
483
431
284
438
144
302
485
347
156
150
414
111
14
24
411
474
181
344
477
38
288
288
281
73
1
356
203
289
187
160
1
483
118
85
339
409
140
360
397
21
48
196
384
193
300
100
18
100
333
318
329
334
224
77
142
493
107
129
484
423
184
419
101
397
251
373
437
414
149
20
396
433
133
328
38
444
128
256
180
297
476
29
229
108
67
118
150
370
455
226
477
392
366
306
443
446
188
163
302
440
296
346
63
465
299
305
388
468
283
150
59
285
117
366
274
303
372
1
470
399
56
64
159
105
69
428
70
113
298
414
373
342
393
216
109
189
212
163
285
414
133
348
327
369
314
422
426
189
276
307
482
108
11
46
343
71
197
375
430
171
327
115
98
351
244
302
444
387
104
428
296
366
208
91
281
144
254
405
67
256
488
334
146
475
384
97
358
428
175
476
37
354
305
246
180
156
42
262
40
332
486
90
248
315
208
107
430
439
81
276
240
270
419
161
47
2
200
419
111
16
473
220
69
433
140
248
425
85
270
379
351
246
254
31
30
397
379
214
351
468
278
499
99
234
83
17
439
254
222
207
117
441
481
333
11
492
314
44
139
291
252
428
1
116
4
126
462
442
364
114
158
334
162
169
462
298
342
167
22
285
339
337
8
206
357
304
476
149
3
231
293
128
270
161
385
160
328
423
444
298
407
462
97
397
17
412
277
471
369
168
461
91
195
228
61
309
212
397
444
17
218
368
191
209
455
184
495
335
54
144
96
116
41
87
332
337
30
333
213
445
9
28
382
172
210
146
145
178
26
273
63
108
100
231
382
476
448
74
59
268
160
442
84
205
394
493
30
187
428
39
328
86
462
56
19
11
217
24
187
297
433
293
198
192
68
401
83
239
3
100
67
314
492
446
347
165
380
470
497
130
340
330
88
9
187
469
1
366
198
190
454
364
21
74
258
418
351
410
92
457
113
144
280
119
395
328
215
279
421
302
349
418
151
186
250
428
110
448
43
393
285
280
11
126
190
454
438
259
329
133
218
342
417
180
437
257
385
263
97
286
292
161
344
11
48
412
135
396
439
381
109
353
56
220
151
67
372
40
378
399
470
462
90
258
292
161
1
158
119
211
462
172
260
40
137
363
78
493
236
456
260
82
271
445
459
458
284
279
112
61
393
148
313
433
398
465
196
103
197
212
37
9
215
207
57
73
277
352
412
499
493
159
363
202
86
347
249
142
308
168
417
491
408
125
134
338
408
49
381
290
421
100
149
138
211
385
375
478
353
146
274
363
239
280
262
35
380
414
230
309
385
93
157
89
492
46
469
202
160
6
253
348
420
71
271
244
329
477
201
57
324
264
99
357
296
141
107
213
425
124
189
339
161
24
297
192
489
358
430
414
241
180
244
214
262
251
382
26
258
293
19
486
342
101
15
83
47
322
214
99
317
89
246
52
230
174
177
217
192
490
375
108
51
301
248
320
186
95
148
225
15
187
7
45
443
297
407
264
362
370
85
487
373
127
98
129
475
82
384
11
296
300
155
92
207
82
58
282
229
327
398
258
412
132
66
482
265
57
193
497
470
405
17
236
203
149
480
398
148
212
340
15
383
208
194
102
495
151
180
403
150
284
124
221
328
225
244
242
168
26
466
189
421
316
53
420
479
380
436
482
8
494
278
427
280
377
418
368
314
129
83
243
386
252
120
400
497
465
43
27
42
364
54
132
486
138
45
344
341
266
488
459
22
283
49
138
208
109
487
437
408
242
182
239
135
474
425
143
307
58
409
395
483
246
335
244
170
128
445
108
90
358
240
63
476
343
418
308
24
189
181
193
22
214
372
83
197
261
393
415
282
403
359
375
13
407
410
69
75
378
201
109
392
80
221
176
93
405
35
2
209
450
115
70
430
49
158
187
494
247
354
388
446
338
213
68
147
30
84
169
466
472
411
462
231
491
238
326
53
371
95
415
58
165
221
220
9
187
499
243
293
171
432
309
335
170
343
73
338
470
296
385
316
52
126
7
100
274
26
343
472
243
108
348
8
430
212
43
361
65
149
348
53
446
156
420
287
431
117
271
132
445
54
404
387
417
312
247
387
373
209
324
118
6
286
351
132
467
284
207
205
17
204
257
76
2
473
156
136
383
252
299
482
346
37
141
112
188
45
339
24
311
293
377
406
494
172
62
323
410
31
23
204
289
328
19
164
67
287
353
144
143
150
479
458
216
157
485
460
341
63
491
461
404
96
455
280
397
326
413
164
258
2
301
220
194
98
212
200
26
335
79
483
340
291
256
332
212
43
441
239
259
6
107
15
14
101
59
366
136
326
245
493
297
305
300
425
433
339
375
318
207
459
444
340
143
164
367
120
335
409
217
42
88
281
334
211
442
487
69
368
245
95
10
151
55
171
265
304
422
350
329
350
424
33
250
92
428
431
409
351
98
37
126
110
288
196
421
288
294
205
386
276
494
110
145
493
462
291
292
492
323
401
470
123
43
216
383
102
29
192
493
271
303
405
123
142
389
173
81
243
440
447
466
100
397
165
75
235
387
128
30
217
142
353
382
462
87
145
399
178
144
456
316
191
84
469
312
375
359
24
364
375
403
472
222
325
239
63
219
337
236
387
21
143
417
298
411
388
238
344
388
336
404
85
370
168
56
406
264
54
493
221
195
377
476
18
435
11
161
161
454
183
170
263
194
52
196
326
343
415
85
15
351
99
7
287
465
376
493
260
360
306
396
79
453
326
12
398
332
168
299
343
414
362
108
116
476
163
265
164
316
44
58
415
399
352
63
456
271
302
359
231
328
178
243
42
17
66
178
490
206
14
463
448
55
183
319
131
342
119
436
390
478
3
225
19
444
165
56
403
421
132
352
93
306
23
277
268
39
228
120
208
13
358
486
445
146
207
250
81
161
423
350
182
424
132
422
358
77
449
463
268
44
127
129
41
292
482
73
405
280
228
232
489
444
60
329
390
141
32
169
499
342
427
264
2
205
267
376
263
306
322
71
288
296
295
355
293
398
301
459
464
417
112
147
392
182
339
448
101
75
65
185
32
457
311
253
66
191
317
81
126
386
301
345
466
242
285
345
5
306
64
187
4
393
310
252
188
470
207
19
404
248
56
125
466
417
123
125
257
24
140
229
268
102
76
446
481
130
425
119
215
182
362
328
222
111
433
132
77
304
51
452
220
86
36
111
172
181
287
317
420
260
68
162
208
230
313
483
259
206
156
404
134
54
404
470
197
359
378
63
181
246
314
309
209
286
85
40
35
327
76
94
122
129
424
229
260
93
93
346
354
76
61
438
477
175
105
367
76
384
213
130
183
428
121
478
255
126
196
68
17
20
145
347
122
275
119
372
298
266
55
9
489
